159.31498	432.54625
134.63436	419.52864999999997
123.66412999999999	396.91387999999995
171.15812	371.33086999999995
181.63624	402.62066999999996
158.30150999999998	416.25388
159.42994	419.09551
211.64661999999998	407.52117
217.62508	382.22983999999997
205.92142	336.46551
194.19888	337.40299
84.072367	255.29003999999998
100.07978	202.62337999999997
145.91356	156.35855999999995
159.04746	142.01011999999994
155.40615	66.62338099999994
195.46841999999998	15.956714999999939
227.61022999999997	75.74979699999994
191.51154999999997	168.22802999999993
181.25379999999998	178.49935999999994
185.89906	197.05055999999993
190.54431	215.60177999999993
196.15892	214.96891999999994
230.96818	221.89167999999995
263.85811	264.98461999999995
230.26183	325.47029999999995
219.67392	332.85333999999995
225.07831000000002	356.85332999999997
218.17003000000003	419.28398999999996
159.31498000000002	432.54625
159.31498	432.54625
192.01386	428.52515999999997
227.63463	388.71470999999997
221.63484	358.62336999999997
215.63506	331.11846999999995
219.96818000000002	326.53541999999993
257.09816	293.7329399999999
260.22392	273.95670999999993
256.75144	253.21855999999994
237.97096	230.49193999999994
201.80894	218.82850999999994
187.31636	217.95670999999993
182.86063000000001	199.95670999999993
178.35322000000002	179.07263999999992
188.65138000000002	165.61371999999992
224.56623000000002	83.95671399999992
201.53419000000002	24.303205999999918
191.79898000000003	20.099289999999918
180.18084000000002	28.29899399999992
158.79258000000002	67.95671399999992
159.58004000000003	127.95670999999993
163.25435000000002	143.45174999999992
146.0908	161.57754999999992
92.375978	224.59807999999992
88.344452	250.62337999999994
92.673479	277.95670999999993
153.0256	330.83451999999994
181.63484	333.64573999999993
204.81065999999998	332.9790699999999
209.3198	332.62337999999994
215.11747	355.2900399999999
217.80071	404.70298999999994
179.46079	426.27228999999994
151.63484	416.0168299999999
159.46236	412.2068299999999
180.37326	389.87020999999993
154.89663	370.65264999999994
131.48132999999999	383.74683999999996
158.96818	428.75383999999997
192.01386	428.52515999999997
192.01386	428.52515999999997
170.30151	329.66386
109.53915	292.62338
105.64185	269.29004
109.02339	245.94554999999997
133.06646	211.95225999999997
171.50846	181.29003999999998
173.75519000000003	184.95671
178.26972000000004	203.49862
181.12396000000004	219.56143999999998
172.63516000000004	224.45077999999998
146.37000000000003	249.5742
167.92386000000005	303.40851
176.59052000000005	306.57023999999996
174.07902000000004	304.07329999999996
154.87754000000004	281.69035999999994
163.06898000000004	257.53365999999994
186.58875000000003	244.29559999999995
206.65208000000004	326.80613999999997
170.30151000000004	329.66385999999994
170.30151	329.66386
202.28335	324.46184
184.19668000000001	249.2507
161.72814000000002	266.6884
174.13182000000003	299.75868
182.25304000000003	308.68178
165.18771000000004	305.88468
142.88490000000004	247.57135
169.98788000000005	221.54172
177.83146000000005	217.83231
174.96826000000004	205.89451
171.16239000000004	190.22836
170.21974000000006	186.50002
165.92730000000006	189.49478000000002
123.62920000000005	228.48034
141.29935000000006	317.18951000000004
186.06304000000006	326.10696
202.28335000000007	324.46184
202.28335	324.46184
203.55035	284.55303
195.32798	243.73023999999998
221.63428	248.81029999999998
244.74287999999999	283.0267
226.50096	318.6109
203.55034999999998	284.55303000000004
203.55035	284.55303
223.10146	316.18550999999997
240.36384	276.64046999999994
207.64918	247.95974999999993
198.90627	246.90750999999992
217.04271	319.95670999999993
223.10146	316.1855099999999
223.10146	316.18550999999997
167.70214	136.80038
172.26098000000002	73.37002399999999
214.85331000000002	60.569633999999986
199.44416	113.76518999999999
170.73171000000002	139.95671
167.70214	136.80038
167.70214	136.80038
180.70482	127.96394999999998
204.96200000000002	55.95415699999998
167.46852	109.58029999999998
171.73042	134.62337999999997
180.70482	127.96394999999997
180.70482	127.96394999999998

